In-Place Quicksort
--------------------------------------------------

Starting Array: 28  28  5  61  17  12  26  61  45  78  66  12  57



[  28  28  5  61  17  12  26  61  45  78  66  12  57  ]
  low                      v                        high

Swap and assign:
[  28  28  5  61  17  12  57  61  45  78  66  12  26  ]
   i                                              j

Advance:
[  28  28  5  61  17  12  57  61  45  78  66  12  26  ]
   i                                              j

Swap:
[  12  28  5  61  17  12  57  61  45  78  66  28  26  ]
   i                                           j

Advance:
[  12  28  5  61  17  12  57  61  45  78  66  28  26  ]
       i               j

Swap:
[  12  12  5  61  17  28  57  61  45  78  66  28  26  ]
       i               j

Advance:
[  12  12  5  61  17  28  57  61  45  78  66  28  26  ]
              i   j

Advance:
[  12  12  5  17  61  28  57  61  45  78  66  28  26  ]
              i   j

Pivot to i:
[  12  12  5  17  |26|  28  57  61  45  78  66  28  61  ]
                   v

New pivots:
[  12  12  5  17  |26|  28  57  61  45  78  66  28  61  ]
           v                            v

Swap and assign:
[  12  12  17  5  |26|  28  57  61  45  61  66  28  78  ]
    i          j        i                            j

Advance:
[  12  12  17  5  |26|  28  57  61  45  61  66  28  78  ]
           i   j        i                        j

Swap (no change):
[  12  12  17  5  |26|  28  57  61  45  61  66  28  78  ]
           i   j        i                        j

Pivot to i (no change):
[  12  12  17  5  |26|  28  57  61  45  61  66  28  78  ]
           j   i        i                        j   i

New Pivots:
[ |5|  12  12  17  |26|  28  57  61  45  61  66  28  |78|  ]
           v                         v

Swap and assign:
[ |5|  12  17  12  |26|  28  57  61  28  61  66  45  |78|  ]
       i       j         i                       j

Advance:
[ |5|  12  17  12  |26|  28  57  61  28  61  66  45  |78|  ]
           i   j             i        j

Swap (nothing in left array):
[ |5|  12  12  17  |26|  28  28  61  57  61  66  45  |78|  ]
           i   j             i        j

Advance:
[ |5|  12  17  12  |26|  28  28  61  57  61  66  45  |78|  ]
           i   j              j   i

Swap pivots:
[ |5|  12  17  12  |26|  28  28  61  57  61  66  45  |78|  ]
           i   j              j   i

Swap pivots:
[ |5|  12  |12|  17  |26|  28  28  |45|  57  61  66  61  |78|  ]

New Pivot:
[ |5|  12  |12|  17  |26|  28  28  |45|  57  61  66  61  |78|  ]
                                             v

Swap and assign:
[ |5|  12  |12|  17  |26|  28  28  |45|  57  61  66  61  |78|  ]
                                         i            j

Advance:
[ |5|  12  |12|  17  |26|  28  28  |45|  57  61  66  61  |78|  ]
                                             i        j

Swap:
[ |5|  12  |12|  17  |26|  28  28  |45|  57  61  66  61  |78|  ]
                                             i        j

Advance:
[ |5|  12  |12|  17  |26|  28  28  |45|  57  61  66  61  |78|  ]
                                             j    i

Swap Pivot:
[ |5|  12  |12|  17  |26|  28  28  |45|  57  61  |61|  66  |78|  ]


Sort Complete:
[ 5  12  12  17  26  28  28  45  57  61  61  66  78  ]
